[82, 85, 86, 83, 85, 87, 89]   [3, 1, -3, 2, 2, 2]
[85, 86, 87, 86, 89, 88]   [1, 1, -1, 3, -1]
[69, 72, 73, 76, 77, 74, 75, 75]   [3, 1, 3, 1, -3, 1, 0]
[4, 6, 4, 5, 8, 11, 15]   [2, -2, 1, 3, 3, 4]
[6, 9, 10, 12, 15, 16, 15, 20]   [3, 1, 2, 3, 1, -1, 5]
[48, 51, 53, 53, 56, 58, 59, 58]   [3, 2, 0, 3, 2, 1, -1]
[67, 69, 71, 74, 74, 77, 77]   [2, 2, 3, 0, 3, 0]
[82, 83, 85, 85, 89]   [1, 2, 0, 4]
[21, 24, 26, 26, 29, 31, 36]   [3, 2, 0, 3, 2, 5]
[4, 7, 10, 11, 15, 18, 20, 21]   [3, 3, 1, 4, 3, 2, 1]
[56, 58, 60, 63, 65, 69, 70, 68]   [2, 2, 3, 2, 4, 1, -2]
[24, 26, 30, 32, 33, 35, 35]   [2, 4, 2, 1, 2, 0]
[12, 13, 15, 17, 20, 24, 25, 29]   [1, 2, 2, 3, 4, 1, 4]
[52, 53, 54, 57, 58, 59, 63, 68]   [1, 1, 3, 1, 1, 4, 5]
[43, 46, 48, 55, 58, 59]   [3, 2, 7, 3, 1]
[15, 16, 23, 26, 27, 28, 26]   [1, 7, 3, 1, 1, -2]
[49, 50, 53, 56, 59, 64, 64]   [1, 3, 3, 3, 5, 0]
[56, 58, 59, 65, 69]   [2, 1, 6, 4]
[3, 5, 6, 8, 13, 18]   [2, 1, 2, 5, 5]
[37, 35, 36, 37, 34]   [-2, 1, 1, -3]
[53, 50, 51, 53, 54, 56, 56]   [-3, 1, 2, 1, 2, 0]
[80, 78, 79, 80, 81, 83, 86, 90]   [-2, 1, 1, 1, 2, 3, 4]
[32, 31, 34, 37, 40, 45]   [-1, 3, 3, 3, 5]
[76, 75, 77, 79, 77, 80]   [-1, 2, 2, -2, 3]
[27, 26, 23, 24, 25, 25]   [-1, -3, 1, 1, 0]
[96, 93, 96, 93, 97]   [-3, 3, -3, 4]
[37, 34, 35, 36, 39, 36, 38, 45]   [-3, 1, 1, 3, -3, 2, 7]
[68, 65, 66, 67, 67, 70, 72]   [-3, 1, 1, 0, 3, 2]
[41, 39, 42, 42, 43, 40]   [-2, 3, 0, 1, -3]
[88, 86, 89, 90, 90, 91, 93, 93]   [-2, 3, 1, 0, 1, 2, 0]
[24, 23, 25, 26, 26, 28, 32]   [-1, 2, 1, 0, 2, 4]
[79, 77, 77, 80, 83, 88]   [-2, 0, 3, 3, 5]
[50, 48, 50, 52, 55, 58, 62, 63]   [-2, 2, 2, 3, 3, 4, 1]
[39, 38, 39, 41, 45, 47, 48, 45]   [-1, 1, 2, 4, 2, 1, -3]
[40, 38, 41, 42, 44, 45, 49, 49]   [-2, 3, 1, 2, 1, 4, 0]
[50, 49, 53, 56, 60]   [-1, 4, 3, 4]
[74, 73, 77, 80, 86]   [-1, 4, 3, 6]
[40, 37, 38, 39, 42, 48, 49, 50]   [-3, 1, 1, 3, 6, 1, 1]
[12, 11, 17, 20, 22, 23, 25, 23]   [-1, 6, 3, 2, 1, 2, -2]
[74, 71, 73, 75, 80, 83, 83]   [-3, 2, 2, 5, 3, 0]
[20, 17, 23, 25, 29]   [-3, 6, 2, 4]
[32, 30, 37, 39, 42, 48]   [-2, 7, 2, 3, 6]
[73, 73, 76, 78, 80, 83, 85, 82]   [0, 3, 2, 2, 3, 2, -3]
[19, 19, 22, 25, 28, 30, 32, 32]   [0, 3, 3, 3, 2, 2, 0]
[43, 43, 46, 49, 53]   [0, 3, 3, 4]
[69, 69, 72, 75, 80]   [0, 3, 3, 5]
[24, 24, 25, 22, 25, 27]   [0, 1, -3, 3, 2]
[60, 60, 58, 61, 64, 65, 62]   [0, -2, 3, 3, 1, -3]
[52, 52, 50, 51, 53, 55, 55]   [0, -2, 1, 2, 2, 0]
[56, 56, 59, 56, 60]   [0, 3, -3, 4]
[37, 37, 38, 36, 38, 45]   [0, 1, -2, 2, 7]
[7, 7, 9, 12, 12, 13, 14, 16]   [0, 2, 3, 0, 1, 1, 2]
[52, 52, 55, 57, 57, 56]   [0, 3, 2, 0, -1]
[89, 89, 89, 91, 91]   [0, 0, 2, 0]
[7, 7, 7, 10, 13, 15, 17, 21]   [0, 0, 3, 3, 2, 2, 4]
[43, 43, 44, 47, 50, 50, 52, 58]   [0, 1, 3, 3, 0, 2, 6]
[4, 4, 5, 9, 10, 11, 14, 17]   [0, 1, 4, 1, 1, 3, 3]
[11, 11, 13, 17, 15]   [0, 2, 4, -2]
[7, 7, 11, 14, 14]   [0, 4, 3, 0]
[55, 55, 58, 62, 64, 66, 70]   [0, 3, 4, 2, 2, 4]
[75, 75, 78, 79, 81, 85, 88, 94]   [0, 3, 1, 2, 4, 3, 6]
[56, 56, 63, 64, 67]   [0, 7, 1, 3]
[5, 5, 7, 10, 12, 13, 18, 16]   [0, 2, 3, 2, 1, 5, -2]
[32, 32, 38, 41, 43, 44, 47, 47]   [0, 6, 3, 2, 1, 3, 0]
[36, 36, 43, 44, 48]   [0, 7, 1, 4]
[9, 9, 12, 17, 22]   [0, 3, 5, 5]
[50, 54, 55, 57, 60, 62, 64, 61]   [4, 1, 2, 3, 2, 2, -3]
[86, 90, 92, 94, 95, 95]   [4, 2, 2, 1, 0]
[84, 88, 90, 93, 97]   [4, 2, 3, 4]
[3, 7, 9, 12, 15, 21]   [4, 2, 3, 3, 6]
[36, 40, 41, 44, 47, 46, 47, 50]   [4, 1, 3, 3, -1, 1, 3]
[39, 43, 45, 43, 46, 47, 50, 47]   [4, 2, -2, 3, 1, 3, -3]
[84, 88, 90, 87, 90, 90]   [4, 2, -3, 3, 0]
[2, 6, 7, 4, 6, 10]   [4, 1, -3, 2, 4]
[31, 35, 34, 35, 36, 39, 45]   [4, -1, 1, 1, 3, 6]
[11, 15, 15, 16, 18]   [4, 0, 1, 2]
[1, 5, 7, 9, 11, 14, 14, 13]   [4, 2, 2, 2, 3, 0, -1]
[54, 58, 60, 60, 63, 63]   [4, 2, 0, 3, 0]
[52, 56, 58, 60, 60, 64]   [4, 2, 2, 0, 4]
[61, 65, 65, 66, 71]   [4, 0, 1, 5]
[48, 52, 55, 56, 60, 61]   [4, 3, 1, 4, 1]
[77, 81, 84, 88, 89, 86]   [4, 3, 4, 1, -3]
[58, 62, 63, 66, 67, 71, 74, 74]   [4, 1, 3, 1, 4, 3, 0]
[71, 75, 78, 81, 82, 84, 88, 92]   [4, 3, 3, 1, 2, 4, 4]
[82, 86, 87, 91, 98]   [4, 1, 4, 7]
[41, 45, 48, 50, 55, 58, 61]   [4, 3, 2, 5, 3, 3]
[70, 74, 77, 78, 83, 86, 88, 85]   [4, 3, 1, 5, 3, 2, -3]
[71, 75, 82, 84, 84]   [4, 7, 2, 0]
[19, 23, 30, 31, 35]   [4, 7, 1, 4]
[59, 63, 70, 72, 77]   [4, 7, 2, 5]
[8, 14, 16, 19, 17]   [6, 2, 3, -2]
[46, 52, 55, 58, 58]   [6, 3, 3, 0]
[71, 77, 79, 82, 84, 87, 88, 92]   [6, 2, 3, 2, 3, 1, 4]
[68, 75, 77, 80, 87]   [7, 2, 3, 7]
[29, 35, 38, 35, 36, 38, 39]   [6, 3, -3, 1, 2, 1]
[34, 39, 38, 41, 43, 45, 42]   [5, -1, 3, 2, 2, -3]
[26, 33, 35, 34, 36, 39, 41, 41]   [7, 2, -1, 2, 3, 2, 0]
[85, 92, 95, 92, 96]   [7, 3, -3, 4]
[33, 38, 40, 39, 40, 41, 48]   [5, 2, -1, 1, 1, 7]
[83, 89, 92, 93, 93, 94, 95, 96]   [6, 3, 1, 0, 1, 1, 1]
[85, 92, 95, 95, 97, 96]   [7, 3, 0, 2, -1]
[54, 59, 59, 60, 61, 62, 64, 64]   [5, 0, 1, 1, 1, 2, 0]
[27, 34, 35, 37, 37, 41]   [7, 1, 2, 0, 4]
[69, 75, 77, 79, 81, 81, 86]   [6, 2, 2, 2, 0, 5]
[25, 30, 31, 32, 36, 38]   [5, 1, 1, 4, 2]
[51, 58, 62, 63, 64, 63]   [7, 4, 1, 1, -1]
[54, 61, 62, 65, 69, 72, 74, 74]   [7, 1, 3, 4, 3, 2, 0]
[59, 66, 68, 69, 73, 76, 79, 83]   [7, 2, 1, 4, 3, 3, 4]
[14, 19, 20, 24, 30]   [5, 1, 4, 6]
[33, 40, 42, 48, 51, 52]   [7, 2, 6, 3, 1]
[28, 33, 36, 37, 42, 45, 43]   [5, 3, 1, 5, 3, -2]
[44, 50, 55, 58, 58]   [6, 5, 3, 0]
[14, 21, 22, 29, 30, 34]   [7, 1, 7, 1, 4]
[35, 40, 43, 49, 52, 53, 59]   [5, 3, 6, 3, 1, 6]
[20, 17, 16, 15, 17, 19]   [-3, -1, -1, 2, 2]
[45, 42, 41, 38, 36, 35, 38, 38]   [-3, -1, -3, -2, -1, 3, 0]
[55, 54, 56, 53, 49]   [-1, 2, -3, -4]
[20, 18, 17, 15, 14, 16, 10]   [-2, -1, -2, -1, 2, -6]
[72, 71, 69, 68, 66, 66, 63, 65]   [-1, -2, -1, -2, 0, -3, 2]
[31, 30, 30, 27, 26, 25, 24, 24]   [-1, 0, -3, -1, -1, -1, 0]
[51, 49, 48, 48, 47, 43]   [-2, -1, 0, -1, -4]
[26, 24, 24, 21, 20, 14]   [-2, 0, -3, -1, -6]
[19, 18, 14, 13, 10, 8]   [-1, -4, -1, -3, -2]
[84, 81, 80, 76, 78]   [-3, -1, -4, 2]
[47, 45, 41, 38, 35, 35]   [-2, -4, -3, -3, 0]
[68, 67, 64, 60, 56]   [-1, -3, -4, -4]
[74, 71, 68, 66, 62, 60, 54]   [-3, -3, -2, -4, -2, -6]
[43, 41, 38, 36, 33, 27, 26]   [-2, -3, -2, -3, -6, -1]
[63, 60, 53, 51, 54]   [-3, -7, -2, 3]
[29, 28, 23, 20, 17, 16, 14, 14]   [-1, -5, -3, -3, -1, -2, 0]
[46, 45, 42, 39, 34, 31, 30, 26]   [-1, -3, -3, -5, -3, -1, -4]
[23, 21, 19, 13, 11, 5]   [-2, -2, -6, -2, -6]
[86, 88, 86, 83, 81, 79, 81]   [2, -2, -3, -2, -2, 2]
[57, 59, 57, 54, 52, 50, 47, 47]   [2, -2, -3, -2, -2, -3, 0]
[21, 24, 21, 18, 14]   [3, -3, -3, -4]
[61, 63, 62, 61, 59, 57, 50]   [2, -1, -1, -2, -2, -7]
[96, 99, 97, 98, 96, 95, 92]   [3, -2, 1, -2, -1, -3]
[66, 69, 71, 69, 71]   [3, 2, -2, 2]
[41, 43, 42, 39, 37, 40, 37, 37]   [2, -1, -3, -2, 3, -3, 0]
[79, 82, 85, 84, 80]   [3, 3, -1, -4]
[77, 79, 77, 78, 73]   [2, -2, 1, -5]
[22, 24, 24, 22, 20]   [2, 0, -2, -2]
[63, 66, 64, 64, 66]   [3, -2, 0, 2]
[19, 22, 22, 21, 18, 18]   [3, 0, -1, -3, 0]
[95, 97, 97, 95, 93, 91, 87]   [2, 0, -2, -2, -2, -4]
[32, 33, 31, 29, 29, 28, 25, 18]   [1, -2, -2, 0, -1, -3, -7]
[42, 44, 43, 39, 38, 36, 34, 31]   [2, -1, -4, -1, -2, -2, -3]
[27, 29, 27, 24, 22, 18, 20]   [2, -2, -3, -2, -4, 2]
[20, 22, 18, 15, 15]   [2, -4, -3, 0]
[68, 69, 65, 63, 59]   [1, -4, -2, -4]
[79, 81, 77, 76, 73, 72, 67]   [2, -4, -1, -3, -1, -5]
[68, 70, 69, 63, 62, 60, 59, 56]   [2, -1, -6, -1, -2, -1, -3]
[42, 44, 39, 36, 33, 36]   [2, -5, -3, -3, 3]
[88, 90, 87, 82, 81, 79, 79]   [2, -3, -5, -1, -2, 0]
[66, 69, 66, 59, 58, 54]   [3, -3, -7, -1, -4]
[70, 71, 70, 68, 66, 60, 54]   [1, -1, -2, -2, -6, -6]
[43, 43, 40, 37, 34, 33, 36]   [0, -3, -3, -3, -1, 3]
[21, 21, 20, 18, 18]   [0, -1, -2, 0]
[34, 34, 32, 29, 27, 25, 22, 18]   [0, -2, -3, -2, -2, -3, -4]
[79, 79, 78, 76, 73, 66]   [0, -1, -2, -3, -7]
[89, 89, 92, 90, 88]   [0, 3, -2, -2]
[77, 77, 75, 73, 72, 73, 76]   [0, -2, -2, -1, 1, 3]
[84, 84, 83, 85, 85]   [0, -1, 2, 0]
[30, 30, 28, 26, 23, 22, 25, 21]   [0, -2, -2, -3, -1, 3, -4]
[22, 22, 25, 23, 21, 20, 15]   [0, 3, -2, -2, -1, -5]
[66, 66, 66, 64, 63, 62, 60, 57]   [0, 0, -2, -1, -1, -2, -3]
[75, 75, 73, 70, 67, 67, 68]   [0, -2, -3, -3, 0, 1]
[33, 33, 33, 30, 27, 25, 22, 22]   [0, 0, -3, -3, -2, -3, 0]
[55, 55, 52, 50, 50, 46]   [0, -3, -2, 0, -4]
[40, 40, 38, 38, 37, 32]   [0, -2, 0, -1, -5]
[63, 63, 62, 58, 55]   [0, -1, -4, -3]
[95, 95, 94, 90, 92]   [0, -1, -4, 2]
[87, 87, 85, 82, 78, 78]   [0, -2, -3, -4, 0]
[88, 88, 84, 83, 79]   [0, -4, -1, -4]
[85, 85, 83, 79, 73]   [0, -2, -4, -6]
[53, 53, 51, 44, 42]   [0, -2, -7, -2]
[12, 12, 7, 5, 4, 6]   [0, -5, -2, -1, 2]
[53, 53, 48, 47, 44, 44]   [0, -5, -1, -3, 0]
[35, 35, 32, 25, 22, 18]   [0, -3, -7, -3, -4]
[46, 46, 39, 36, 34, 27]   [0, -7, -3, -2, -7]
[91, 87, 86, 85, 83, 85]   [-4, -1, -1, -2, 2]
[24, 20, 17, 15, 14, 14]   [-4, -3, -2, -1, 0]
[66, 62, 60, 57, 54, 50]   [-4, -2, -3, -3, -4]
[67, 63, 62, 60, 59, 57, 51]   [-4, -1, -2, -1, -2, -6]
[41, 37, 35, 38, 37, 36, 33, 31]   [-4, -2, 3, -1, -1, -3, -2]
[18, 14, 15, 12, 9, 8, 5, 8]   [-4, 1, -3, -3, -1, -3, 3]
[37, 33, 32, 30, 29, 30, 30]   [-4, -1, -2, -1, 1, 0]
[70, 66, 64, 63, 60, 61, 58, 54]   [-4, -2, -1, -3, 1, -3, -4]
[34, 30, 28, 26, 23, 26, 24, 18]   [-4, -2, -2, -3, 3, -2, -6]
[28, 24, 22, 19, 16, 16, 15]   [-4, -2, -3, -3, 0, -1]
[54, 50, 50, 48, 47, 44, 41, 43]   [-4, 0, -2, -1, -3, -3, 2]
[82, 78, 75, 75, 75]   [-4, -3, 0, 0]
[38, 34, 34, 33, 30, 29, 25]   [-4, 0, -1, -3, -1, -4]
[52, 48, 47, 46, 46, 43, 37]   [-4, -1, -1, 0, -3, -6]
[20, 16, 15, 13, 11, 10, 6, 5]   [-4, -1, -2, -2, -1, -4, -1]
[57, 53, 51, 47, 48]   [-4, -2, -4, 1]
[89, 85, 83, 79, 78, 76, 76]   [-4, -2, -4, -1, -2, 0]
[28, 24, 23, 21, 17, 16, 15, 11]   [-4, -1, -2, -4, -1, -1, -4]
[87, 83, 79, 78, 77, 74, 73, 66]   [-4, -4, -1, -1, -3, -1, -7]
[63, 59, 58, 56, 49, 48]   [-4, -1, -2, -7, -1]
[87, 83, 81, 74, 75]   [-4, -2, -7, 1]
[43, 39, 37, 31, 31]   [-4, -2, -6, 0]
[80, 76, 75, 73, 66, 62]   [-4, -1, -2, -7, -4]
[48, 44, 43, 41, 34, 27]   [-4, -1, -2, -7, -7]
[60, 55, 52, 49, 46, 45, 48]   [-5, -3, -3, -3, -1, 3]
[56, 50, 48, 46, 43, 40, 37, 37]   [-6, -2, -2, -3, -3, -3, 0]
[93, 86, 85, 84, 82, 80, 76]   [-7, -1, -1, -2, -2, -4]
[20, 15, 14, 11, 10, 3]   [-5, -1, -3, -1, -7]
[73, 67, 64, 63, 60, 58, 59, 58]   [-6, -3, -1, -3, -2, 1, -1]
[55, 49, 47, 45, 47, 49]   [-6, -2, -2, 2, 2]
[15, 10, 9, 8, 7, 9, 9]   [-5, -1, -1, -1, 2, 0]
[44, 37, 39, 37, 35, 33, 31, 27]   [-7, 2, -2, -2, -2, -2, -4]
[94, 87, 84, 87, 80]   [-7, -3, 3, -7]
[67, 60, 60, 58, 56]   [-7, 0, -2, -2]
[72, 66, 63, 63, 60, 57, 60]   [-6, -3, 0, -3, -3, 3]
[69, 62, 60, 60, 57, 55, 55]   [-7, -2, 0, -3, -2, 0]
[17, 10, 8, 6, 6, 2]   [-7, -2, -2, 0, -4]
[93, 88, 87, 87, 82]   [-5, -1, 0, -5]
[40, 33, 31, 27, 26]   [-7, -2, -4, -1]
[58, 52, 51, 50, 47, 45, 41, 43]   [-6, -1, -1, -3, -2, -4, 2]
[87, 82, 81, 77, 77]   [-5, -1, -4, 0]
[56, 50, 47, 43, 42, 40, 38, 34]   [-6, -3, -4, -1, -2, -2, -4]
[86, 79, 77, 75, 71, 68, 62]   [-7, -2, -2, -4, -3, -6]
[95, 88, 86, 83, 82, 76, 73]   [-7, -2, -3, -1, -6, -3]
[78, 73, 71, 64, 65]   [-5, -2, -7, 1]
[61, 56, 51, 48, 47, 47]   [-5, -5, -3, -1, 0]
[68, 63, 58, 56, 54, 50]   [-5, -5, -2, -2, -4]
[25, 19, 14, 13, 6]   [-6, -5, -1, -7]
[49, 51, 52, 54, 51]   [2, 1, 2, -3]
[14, 15, 14, 17, 15]   [1, -1, 3, -2]
[6, 8, 6, 8, 10, 10]   [2, -2, 2, 2, 0]
[38, 39, 36, 39, 46]   [1, -3, 3, 7]
[23, 25, 28, 29, 31, 31, 28]   [2, 3, 1, 2, 0, -3]
[63, 66, 67, 67, 67]   [3, 1, 0, 0]
[67, 70, 70, 73, 77]   [3, 0, 3, 4]
[34, 36, 39, 41, 41, 42, 48]   [2, 3, 2, 0, 1, 6]
[85, 87, 89, 93, 94, 96]   [2, 2, 4, 1, 2]
[91, 92, 95, 99, 98]   [1, 3, 4, -1]
[17, 19, 22, 26, 28, 28]   [2, 3, 4, 2, 0]
[55, 58, 60, 64, 65, 69]   [3, 2, 4, 1, 4]
[78, 80, 84, 87, 89, 91, 97]   [2, 4, 3, 2, 2, 6]
[5, 7, 8, 14, 15, 16, 19]   [2, 1, 6, 1, 1, 3]
[2, 4, 6, 9, 12, 17, 19, 18]   [2, 2, 3, 3, 5, 2, -1]
[33, 35, 40, 43, 44, 44]   [2, 5, 3, 1, 0]
[1, 4, 11, 13, 17]   [3, 7, 2, 4]
[40, 41, 43, 50, 52, 59]   [1, 2, 7, 2, 7]
[40, 37, 39, 40, 39]   [-3, 2, 1, -1]
[56, 55, 58, 61, 61]   [-1, 3, 3, 0]
[33, 31, 32, 34, 37, 39, 40, 44]   [-2, 1, 2, 3, 2, 1, 4]
[58, 57, 58, 60, 61, 63, 65, 70]   [-1, 1, 2, 1, 2, 2, 5]
[9, 8, 7, 8, 11]   [-1, -1, 1, 3]
[41, 39, 37, 39, 42, 43, 41]   [-2, -2, 2, 3, 1, -2]
[59, 58, 61, 62, 65, 67, 64, 64]   [-1, 3, 1, 3, 2, -3, 0]
[92, 91, 94, 95, 92, 93, 95, 99]   [-1, 3, 1, -3, 1, 2, 4]
[89, 87, 88, 86, 89, 95]   [-2, 1, -2, 3, 6]
[81, 79, 79, 82, 84, 87, 90, 93]   [-2, 0, 3, 2, 3, 3, 3]
[75, 73, 75, 75, 74]   [-2, 2, 0, -1]
[11, 10, 11, 13, 13, 14, 14]   [-1, 1, 2, 0, 1, 0]
[87, 85, 88, 88, 92]   [-2, 3, 0, 4]
[63, 62, 65, 67, 70, 70, 76]   [-1, 3, 2, 3, 0, 6]
[53, 50, 54, 56, 59, 60, 62]   [-3, 4, 2, 3, 1, 2]
[7, 5, 8, 11, 15, 18, 21, 20]   [-2, 3, 3, 4, 3, 3, -1]
[94, 91, 92, 96, 96]   [-3, 1, 4, 0]
[62, 60, 63, 67, 71]   [-2, 3, 4, 4]
[9, 8, 11, 14, 16, 20, 26]   [-1, 3, 3, 2, 4, 6]
[63, 61, 66, 67, 68, 71, 74]   [-2, 5, 1, 1, 3, 3]
[49, 47, 48, 55, 52]   [-2, 1, 7, -3]
[29, 26, 28, 31, 38, 41, 42, 42]   [-3, 2, 3, 7, 3, 1, 0]
[49, 48, 51, 57, 60, 64]   [-1, 3, 6, 3, 4]
[65, 64, 67, 74, 76, 79, 84]   [-1, 3, 7, 2, 3, 5]
[80, 80, 81, 82, 85, 88, 85]   [0, 1, 1, 3, 3, -3]
[77, 77, 79, 80, 81, 82, 82]   [0, 2, 1, 1, 1, 0]
[78, 78, 81, 82, 86]   [0, 3, 1, 4]
[26, 26, 28, 30, 33, 35, 42]   [0, 2, 2, 3, 2, 7]
[91, 91, 92, 90, 91, 92]   [0, 1, -2, 1, 1]
[96, 96, 93, 94, 93]   [0, -3, 1, -1]
[73, 73, 72, 74, 76, 76]   [0, -1, 2, 2, 0]
[89, 89, 91, 90, 92, 96]   [0, 2, -1, 2, 4]
[22, 22, 20, 23, 29]   [0, -2, 3, 6]
[36, 36, 37, 38, 39, 39, 41, 44]   [0, 1, 1, 1, 0, 2, 3]
[87, 87, 90, 92, 94, 96, 96, 94]   [0, 3, 2, 2, 2, 0, -2]
[55, 55, 55, 58, 59, 59]   [0, 0, 3, 1, 0]
[33, 33, 33, 35, 37, 41]   [0, 0, 2, 2, 4]
[76, 76, 78, 81, 83, 83, 86, 92]   [0, 2, 3, 2, 0, 3, 6]
[71, 71, 75, 76, 77, 79]   [0, 4, 1, 1, 2]
[60, 60, 64, 66, 63]   [0, 4, 2, -3]
[8, 8, 11, 15, 18, 20, 21, 21]   [0, 3, 4, 3, 2, 1, 0]
[20, 20, 24, 26, 28, 29, 32, 36]   [0, 4, 2, 2, 1, 3, 4]
[23, 23, 27, 30, 35]   [0, 4, 3, 5]
[28, 28, 33, 36, 38, 41, 43]   [0, 5, 3, 2, 3, 2]
[45, 45, 46, 48, 50, 55, 53]   [0, 1, 2, 2, 5, -2]
[3, 3, 4, 5, 10, 10]   [0, 1, 1, 5, 0]
[72, 72, 74, 75, 78, 83, 85, 89]   [0, 2, 1, 3, 5, 2, 4]
[44, 44, 50, 52, 58]   [0, 6, 2, 6]
[83, 87, 89, 92, 94, 96, 93]   [4, 2, 3, 2, 2, -3]
[74, 78, 81, 84, 86, 87, 87]   [4, 3, 3, 2, 1, 0]
[73, 77, 78, 80, 82, 85, 88, 92]   [4, 1, 2, 2, 3, 3, 4]
[47, 51, 52, 55, 57, 59, 64]   [4, 1, 3, 2, 2, 5]
[7, 11, 12, 9, 12, 15, 17]   [4, 1, -3, 3, 3, 2]
[50, 54, 55, 52, 54, 51]   [4, 1, -3, 2, -3]
[35, 39, 36, 38, 41, 44, 44]   [4, -3, 2, 3, 3, 0]
[89, 93, 91, 92, 94, 98]   [4, -2, 1, 2, 4]
[31, 35, 32, 33, 35, 36, 41]   [4, -3, 1, 2, 1, 5]
[60, 64, 64, 67, 68]   [4, 0, 3, 1]
[18, 22, 25, 25, 23]   [4, 3, 0, -2]
[48, 52, 55, 55, 55]   [4, 3, 0, 0]
[39, 43, 43, 46, 50]   [4, 0, 3, 4]
[17, 21, 23, 26, 29, 29, 32, 37]   [4, 2, 3, 3, 0, 3, 5]
[33, 37, 40, 44, 47]   [4, 3, 4, 3]
[23, 27, 31, 33, 35, 34]   [4, 4, 2, 2, -1]
[64, 68, 72, 73, 74, 74]   [4, 4, 1, 1, 0]
[20, 24, 25, 29, 32, 36]   [4, 1, 4, 3, 4]
[46, 50, 53, 57, 60, 62, 65, 70]   [4, 3, 4, 3, 2, 3, 5]
[60, 64, 67, 74, 77, 79]   [4, 3, 7, 3, 2]
[51, 55, 56, 63, 64, 65, 68, 65]   [4, 1, 7, 1, 1, 3, -3]
[14, 18, 23, 26, 27, 30, 32, 32]   [4, 5, 3, 1, 3, 2, 0]
[40, 44, 50, 53, 55, 58, 59, 63]   [4, 6, 3, 2, 3, 1, 4]
[30, 34, 36, 37, 38, 44, 51]   [4, 2, 1, 1, 6, 7]
[63, 68, 69, 70, 69]   [5, 1, 1, -1]
[63, 69, 70, 72, 72]   [6, 1, 2, 0]
[34, 40, 41, 43, 46, 47, 49, 53]   [6, 1, 2, 3, 1, 2, 4]
[40, 45, 47, 49, 51, 57]   [5, 2, 2, 2, 6]
[6, 13, 15, 18, 15, 17, 19]   [7, 2, 3, -3, 2, 2]
[4, 10, 11, 9, 10, 11, 8]   [6, 1, -2, 1, 1, -3]
[27, 34, 37, 40, 42, 41, 43, 43]   [7, 3, 3, 2, -1, 2, 0]
[76, 82, 85, 83, 86, 90]   [6, 3, -2, 3, 4]
[22, 27, 26, 27, 34]   [5, -1, 1, 7]
[47, 53, 53, 55, 58]   [6, 0, 2, 3]
[52, 59, 59, 61, 63, 65, 68, 66]   [7, 0, 2, 2, 2, 3, -2]
[17, 23, 26, 27, 30, 30, 31, 31]   [6, 3, 1, 3, 0, 1, 0]
[16, 23, 26, 29, 29, 32, 36]   [7, 3, 3, 0, 3, 4]
[52, 57, 60, 60, 63, 66, 73]   [5, 3, 0, 3, 3, 7]
[23, 29, 30, 34, 36]   [6, 1, 4, 2]
[4, 11, 13, 17, 14]   [7, 2, 4, -3]
[20, 25, 26, 30, 32, 34, 34]   [5, 1, 4, 2, 2, 0]
[62, 69, 73, 76, 77, 81]   [7, 4, 3, 1, 4]
[34, 41, 44, 48, 50, 55]   [7, 3, 4, 2, 5]
[47, 53, 55, 61, 63]   [6, 2, 6, 2]
[40, 45, 48, 51, 57, 60, 61, 59]   [5, 3, 3, 6, 3, 1, -2]
[68, 75, 81, 83, 86, 87, 90, 90]   [7, 6, 2, 3, 1, 3, 0]
[68, 74, 77, 82, 83, 86, 90]   [6, 3, 5, 1, 3, 4]
[49, 54, 55, 61, 62, 64, 65, 71]   [5, 1, 6, 1, 2, 1, 6]
[72, 70, 68, 67, 66, 68, 69]   [-2, -2, -1, -1, 2, 1]
[76, 73, 70, 67, 66, 63, 64, 64]   [-3, -3, -3, -1, -3, 1, 0]
[30, 29, 26, 25, 28, 25, 22, 18]   [-1, -3, -1, 3, -3, -3, -4]
[77, 76, 74, 75, 69]   [-1, -2, 1, -6]
[73, 72, 69, 67, 64, 61, 61, 62]   [-1, -3, -2, -3, -3, 0, 1]
[61, 60, 58, 58, 55, 55]   [-1, -2, 0, -3, 0]
[47, 46, 43, 43, 42, 41, 37]   [-1, -3, 0, -1, -1, -4]
[16, 15, 13, 12, 12, 10, 3]   [-1, -2, -1, 0, -2, -7]
[26, 25, 23, 19, 16]   [-1, -2, -4, -3]
[71, 68, 66, 62, 60, 59, 56, 57]   [-3, -2, -4, -2, -1, -3, 1]
[55, 52, 50, 46, 45, 42, 41, 41]   [-3, -2, -4, -1, -3, -1, 0]
[96, 93, 92, 88, 87, 86, 82]   [-3, -1, -4, -1, -1, -4]
[87, 84, 80, 77, 74, 73, 68]   [-3, -4, -3, -3, -1, -5]
[42, 39, 36, 33, 32, 25, 23]   [-3, -3, -3, -1, -7, -2]
[93, 92, 91, 88, 86, 80, 79, 81]   [-1, -1, -3, -2, -6, -1, 2]
[87, 86, 85, 84, 77, 77]   [-1, -1, -1, -7, 0]
[84, 83, 80, 79, 74, 73, 70, 66]   [-1, -3, -1, -5, -1, -3, -4]
[94, 91, 90, 83, 76]   [-3, -1, -7, -7]
[15, 17, 16, 15, 13, 10, 13]   [2, -1, -1, -2, -3, 3]
[75, 78, 77, 75, 74, 73, 73]   [3, -1, -2, -1, -1, 0]
[50, 51, 49, 47, 45, 41]   [1, -2, -2, -2, -4]
[60, 63, 61, 58, 51]   [3, -2, -3, -7]
[8, 10, 9, 10, 9, 8, 5, 3]   [2, -1, 1, -1, -1, -3, -2]
[51, 54, 52, 49, 52, 50, 48, 50]   [3, -2, -3, 3, -2, -2, 2]
[46, 49, 52, 50, 48, 48]   [3, 3, -2, -2, 0]
[27, 30, 28, 30, 28, 26, 22]   [3, -2, 2, -2, -2, -4]
[53, 54, 56, 55, 54, 51, 44]   [1, 2, -1, -1, -3, -7]
[52, 55, 52, 52, 49, 46, 44, 43]   [3, -3, 0, -3, -3, -2, -1]
[76, 79, 78, 78, 80]   [3, -1, 0, 2]
[59, 60, 58, 57, 54, 53, 53, 53]   [1, -2, -1, -3, -1, 0, 0]
[28, 30, 29, 27, 27, 23]   [2, -1, -2, 0, -4]
[22, 23, 20, 20, 17, 14, 9]   [1, -3, 0, -3, -3, -5]
[53, 56, 55, 53, 49, 47, 45, 43]   [3, -1, -2, -4, -2, -2, -2]
[67, 70, 66, 63, 65]   [3, -4, -3, 2]
[84, 87, 85, 81, 78, 76, 76]   [3, -2, -4, -3, -2, 0]
[47, 48, 47, 43, 42, 38]   [1, -1, -4, -1, -4]
[27, 28, 25, 21, 20, 15]   [1, -3, -4, -1, -5]

[75, 77, 72, 70, 69]   [2, -5, -2, -1]
[74, 70, 71, 70, 68, 65]   [-4, 1, -1, -2, -3]
[52, 47, 49, 46, 43, 41, 40]   [-5, 2, -3, -3, -2, -1]